1
1
1
1
1
1
1
1
1
1
1
1
1
1
1
1
1
1
1
1
1
1
1
1
1
1
1
1
1
1
1
1
1
1
1
1
1
1
1
1
1
1
1
1
1
1
1
1
1
1
1
1
1
1
1
1
1
1
1
1
1
1
1
1
1
1
1
1
1
1
1
1
1
1
1
1
1
1
1
1
1
1
1
1
1
1
1
1
1
1
1
1
1
1
1
1
1
1
1
1
1
1
1
1
1
1
1
1
1
1
1
1
1
1
1
22
1
1
1
1
1
1
1
1
1
1
1
1
1
1
1
1
1
1
1
1
1
1
1
1
1
1
1
1
1
1
1
1
1
1
1
1
1
1
1
1
1
1
1
1
1
1
1
1
1
1
1
1
1
1
1
1
1
1
1
1
1
1
1
1
1
1
1
1
1
1
1
1
1
1
1
1
1
1
1
1
1
1
1
1
1
1
1
1
1
1
1
1
1
1
1
1
1
1
1
1
1
1
1
1
1
1
1
1
1
1
1
1
1
1
1
1
1
1
1
1
1
1
5
1
1
1
1
1
1
1
1
1
1
1
1
1
1
1
1
1
1
1
1
1
1
1
1
1
1
1
1
1
1
1
1
1
1
1
1
1
1
1
1
1
1
1
1
1
1
1
1
1
1
1
1
1
1
1
1
1
3
36
1
1
1
1
1
1
1
1
1
1
1
1
1
1
1
1
1
1
1
1
1
1
1
1
1
1
1
1
1
1
1
1
1
1
1
1
1
1
1
1
1
1
1
1
1
1
1
1
1
1
1
1
1
1
1
1
1
1
1
1
1
1
1
1
1
1
1
1
1
1
1
1
1
1
2
1
1
1
1
1
1
1
1
1
1
1
1
1
1
1
1
1
1
1
1
1
1
1
1
1
1
1
1
4
1
1
1
1
1
1
1
1
1
1
1
1
1
2
1
1
1
1
1
2
2
2
2
7
1
1
1
1
1
1
1
1
1
1
1
1
1
1
1
1
1
1
1
1
1
1
1
1
1
1
1
1
1
1
1
1
1
1
1
1
1
1
1
1
1
1
1
1
1
1
1
1
1
1
1
1
1
1
1
1
1
1
1
1
1
1
1
1
1
1
1
13
10
821
12
28
19
3
3
3
38
1
1
2
2
2
2
1
5
26
50
47
11
5
19
13
5
1
1
1
1
2
2
4
1
8
8
8
8
8
8
8
8
8
8
8
8
2
2
2
2
2
2
2
2
2
3
4
2
3
4
1
1
4
4
4
7
6
5
5
1
4
4
4
4
4
4
9
7
10
4
4
4
16
4
4
4
4
1
1
1
4
4
4
4
4
4
12
4
1
4
4
144
8
8
3
4
10
5
10
5
6
9
6
1
10
1
1
1
1
1
1
1
1
1
1
1
1
1
1
1
1
1
1
1
1
1
1
1
1
1
1
1
1
1
4
3
1
1
1
1
28
18
7
4
2
5
2
2
5
5
19
13
14
8
6
5
2
4
3
7
4
4
5
5
7
5
1
5
4
4
2
4
5
4
93
4
4
4
4
4
4
2
3
1
7
5
5
5
2
4
3
3
4
4
3
3
2
4
4
1
1
1
1
1
1
1
1
1
1
1
1
1
1
1
1
1
1
1
1
1
1
1
1
1
1
1
1
1
1
1
1
1
1
1
1
1
1
1
1
1
1
1
1
1
1
1
1
1
1
1
1
6
6
6
6
6
6
6
6
6
19
19
19
19
19
19
19
19
19
2
20
14
5
5
5
5
20
14
5
5
5
5
20
14
5
5
5
5
20
14
5
5
5
5
20
14
5
5
5
5
20
14
5
5
5
5
20
14
5
5
5
5
20
14
5
5
5
5
20
14
5
5
5
5
10
8
8
8
5
5
5
5
3
3
3
3
3
3
3
4
4
4
4
4
4
4
4
4
4
4
4
6
11
14
11
10
5
5
5
6
6
7
5
3
3
3
3
7
7
7
6
1
1
1
1
1
1
1
1
1
1
1
1
1
1
45
16
25
33
4
4
10
8
28
28
38
38
18
10
7
7
7
7
6
20
13
5
1
1
1
1
1
1
1
1
1
1
1
15
1
32
29
1
1
2
11
12
13
12
35
20
6
4
11
3
2
2
2
1
1
1
1
1
1
1
1
1
1
1
1
1
1
1
1
1
4
7
11
3
1
1
1
1
1
1
1
1
1
1
1
1
1
1
1
1
1
1
1
1
1
1
1
1
1
1
1
1
1
1
1
1
1
1
1
2
2
1
1
1
1
1
1
1
1
1
1
1
1
1
1
1
1
1
1
1
1
1
1
1
1
1
1
1
1
1
1
1
1
1
1
1
1
1
1
1
1
1
1
1
1
1
1
2
1
1
1
1
1
1
1
1
1
1
1
1
1
1
1
1
1
1
1
1
1
1
1
1
1
2
1
1
1
1
5
3
1
1
1
1
1
1
1
1
1
1
1
1
1
1
1
1
1
1
1
1
1
1
5
1
1
1
1
1
1
3
13
6
1
1
4
4
1
1
1
1
1
1
1
1
1
1
1
1
1
1
1
1
1
1
1
1
1
1
1
1
1
1
1
1
1
1
1
1
1
1
1
1
1
1
1
1
1
1
1
1
1
1
1
1
1
1
1
4
2
2
1
1
1
1
1
1
1
1
1
1
4
1
7
1
1
1
1
1
1
2
2
1
1
1
1
1
1
1
1
1
6
2
2
1
1
1
16
16
2
9
2
3
4
3
4
3
14
5
6
2
3
3
12
42
12
4
1
2
2
7
178
8
7
6
22
14
11
10
10
2
6
4
3
3
3
5
43
2
3
3
3
3
3
2
7
5
7
5
7
5
7
5
7
5
7
5
7
5
7
5
7
5
7
5
7
5
7
5
7
5
7
5
7
5
7
5
7
5
7
5
5
8
8
4
6
4
10
8
4
4
4
4
4
4
4
4
4
4
4
4
6
14
3
3
27
19
11
8
8
9
9
9
7
10
10
10
10
6
5
5
5
5
1
1
4
6
4
4
4
4
4
4
1
1
1
4
4
5
4
9
8
2
2
27
2
7
5
5
5
2
2
8
4
7
4
4
3
4
4
4
4
4
4
4
4
4
4
4
4
3
3
4
4
4
6
7
7
7
32
3
22
13
13
9
7
7
7
7
7
7
7
19
8
21
10
12
11
22
22
22
22
4
11
7
3
56
5
53
5
3
33
7
5
5
7
7
2
2
2
3
3
3
3
3
3
3
3
3
3
3
3
3
3
3
3
3
3
4
4
4
4
4
4
4
4
4
4
4
4
4
4
4
4
4
4
4
4
4
4
4
8
18
6
6
3
3
3
3
3
6
4
5
3
5
2
11
6
2
4
5
2
5
5
5
5
5
5
8
12
8
8
12
6
7
6
7
6
15
8
3
3
11
11
160
2
18
17
2
2
3
7
8
8
8
8
8
8
7
7
7
18
18
18
26
20
3
8
26
26
6
13
12
10
21
21
3
3
3
2
3
3
3
3
3
3
1
1
1
1
4
3
3
5
6
3
3
3
3
3
3
3
3
3
3
3
3
5
5
5
5
5
5
5
5
5
5
5
1
1
2
1
4
1
1
1
1
1
1
1
1
1
1
2
23
3
2
2
7
6
12
12
11
11
11
3
11
2
35
74
17
6
17
2
94
1
1
3
1
