menusfile version 1
 15
menu_start_game_0 18374686479671624192 Welcome,_Soldier,_to_Mount_and_Blade_Stories:_Age_of_Napoleon.^Before_beginning_the_game_you_must_create_your_character_and_choose_your_preferred_difficulty. none 105 2055 0 31 2 1 0 2133 2 144115188075857079 0 4 0 2147483679 2 144115188075857080 1 2133 2 144115188075857080 1 2133 2 144115188075857081 0 2133 2 144115188075857082 0 2133 2 144115188075857083 0 2133 2 144115188075857084 0 2133 2 144115188075857085 0 500 3 7 5 3000 500 3 8 5 3000 500 3 9 5 3000 500 3 10 5 5000 500 3 12 5 3000 500 3 15 5 5000 500 3 22 5 3000 500 3 23 5 3000 500 3 24 5 3000 500 3 26 5 3000 500 3 25 5 5000 500 3 27 5 5000 500 3 28 5 5000 500 3 29 5 5000 500 3 30 5 5000 500 3 31 5 5000 500 3 37 5 3000 500 3 39 5 3000 500 3 41 5 5000 500 3 42 5 3000 500 3 43 5 5000 500 3 45 5 4000 500 3 50 5 2000 500 3 51 5 3000 500 3 52 5 4000 500 3 53 5 5000 500 3 54 5 3000 500 3 55 5 5000 500 3 57 5 5000 500 3 58 5 5000 500 3 59 5 5000 6 3 1224979098644774912 0 20 500 3 455 1224979098644774912 0 3 0 6 3 1224979098644774912 20 40 500 3 455 1224979098644774912 20 3 0 6 3 1224979098644774912 40 60 500 3 455 1224979098644774912 0 3 0 6 3 1224979098644774912 60 80 500 3 455 1224979098644774912 0 3 0 6 3 1224979098644774912 80 100 500 3 455 1224979098644774912 0 3 0 6 3 1224979098644774912 100 120 500 3 455 1224979098644774912 0 3 0 502 3 6 1 142 502 3 7 1 138 502 3 8 1 139 502 3 9 1 137 502 3 10 1 140 1505 2 0 0 2133 2 144115188075856162 0 1107 1 0 1530 2 0 606 1530 2 0 240 1530 2 0 767 4 0 31 2 1 1 1530 3 0 227 0 1530 3 0 227 0 1530 2 0 30 1530 2 0 121 1530 2 0 59 5 0 1530 2 0 38 1530 2 0 117 1530 2 0 63 3 0 2133 2 144115188075856169 0 1521 3 144115188075856169 25 2 1521 3 144115188075856169 24 3 1521 3 144115188075856169 35 1 1521 3 144115188075856169 27 4 1521 3 144115188075856169 36 7 2133 2 144115188075857086 0 2133 2 144115188075857087 0 2133 2 1224979098644774913 0 2133 2 1224979098644774914 1000 6 3 1224979098644774915 0 1224979098644774914 2136 3 1224979098644774916 511 541 2147484188 3 1224979098644774916 2 5 500 3 1224979098644774916 2 5 2105 2 1224979098644774913 1 31 2 1224979098644774913 10 2133 2 1224979098644774914 0 31 2 1224979098644774915 1224979098644774915 3 0 1528 2 0 5000 1533 1 0 3 0 5
 mno_start_easy  0  Easy  7 261 1 0 263 1 0 265 1 2 267 1 2 269 1 0 2133 2 144115188075857088 12 900 1 54  .  mno_start_normal  0  Normal  7 261 1 1 263 1 1 265 1 0 267 1 1 269 1 2 2133 2 144115188075857088 10 900 1 54  .  mno_start_hard  0  Hard  7 261 1 2 263 1 2 265 1 0 267 1 0 269 1 4 2133 2 144115188075857088 8 900 1 54  .  mno_go_back  0  Go_back  1 2055 0  .  mno_debug  0  Debug  2 2133 2 144115188075856162 0 2060 1 9  . 
menu_start_phase_2 512 Start_Phase_2 none 0 1
 mno_map  0  Map  1 2052 0  . 
menu_start_game_3 512 Start_Game_3 none 2 2055 0 31 2 1 0 0

menu_tutorial 512 Good_Afternoon,_Sir._Beautiful_weather_today,_sir._Would_you_care_for_a_cup_of_tea? none 8 4 0 31 2 144115188075856917 1 2055 0 5 0 1304 1 3 2133 2 144115188075856917 1 600 1 446 3 0 2
 mno_continue  0  Yes,_please.  24 609 1 1 1261 1 15 1262 1 0 47 1 0 2133 2 144115188075856169 0 1520 3 144115188075856169 0 14 1520 3 144115188075856169 1 14 1521 3 144115188075856169 25 3 1521 3 144115188075856169 24 6 1521 3 144115188075856169 35 3 1521 3 144115188075856169 27 4 1521 3 144115188075856169 36 3 1523 3 144115188075856169 0 80 1523 3 144115188075856169 2 130 1523 3 144115188075856169 4 150 1532 1 144115188075856169 1530 3 144115188075856169 291 0 1530 3 144115188075856169 767 0 1530 3 144115188075856169 671 0 1533 1 144115188075856169 1263 2 0 0 1911 1 2 1910 1 15 2048 0  .  mno_go_back_dot  0  No,_thanks.  2 609 1 1 2055 0  . 
menu_reports 0 Reports none 0 1
 mno_resume_travelling  0  Resume_travelling.  1 2040 0  . 
menu_camp 4096 Camp none 0 2
 mno_camp_wait_here  0  Rest.  2 1031 3 8760 5 1 2040 0  .  mno_resume_travelling  0  Dismantle_camp.  1 2040 0  . 
menu_custom_battle_scene 18374686479671624192 (NO_TRANS) none 0 5
 mno_quick_battle_scene_1  0  {!}quick_battle_scene_1  2 1910 1 268 2048 0  .  mno_quick_battle_scene_2  0  {!}quick_battle_scene_2  2 1910 1 269 2048 0  .  mno_quick_battle_scene_3  0  {!}quick_battle_scene_3  2 1910 1 270 2048 0  .  mno_quick_battle_scene_4  0  {!}quick_battle_scene_4  2 1910 1 271 2048 0  .  mno_go_back  0  {!}Go_back  1 2055 0  . 
menu_custom_battle_end 512 The_battle_is_over._{s1}_Your_side_killed_{reg5}_enemies_and_lost_{reg6}_troops_over_the_battle._You_personally_slew_{reg7}_men_in_the_fighting. none 12 603 1 0 2133 2 72057594037927941 144115188075856870 2133 2 72057594037927942 144115188075856869 1701 1 1224979098644774912 1701 2 1224979098644774913 1 2120 3 72057594037927943 1224979098644774912 1224979098644774913 4 0 31 2 144115188075856168 1 2320 2 1 216172782113783831 5 0 2320 2 1 216172782113783832 3 0 1
 mno_continue  0  Continue.  1 2055 0  . 
menu_town_trade 0 You_head_towards_the_camp's_trading_place. none 0 4
 mno_trade_with_arms_merchant  0  Trade_with_the_arms_merchant.  1 2042 1 551  .  mno_trade_with_armor_merchant  0  Trade_with_the_tailor.  1 2042 1 550  .  mno_trade_with_horse_merchant  0  Trade_with_the_horse_merchant.  1 2042 1 552  .  mno_back_to_town_menu  0  Head_back.  1 900 1 55  . 
menu_debug 18374686479671624192 Choose_a_scene none 0 11
 mno_scene1  0  Vienna_Bridge_(sp_vienna)  8 2133 2 144115188075857088 10 1261 1 274 1262 1 0 47 1 0 1263 2 0 0 1911 1 15 1910 1 274 2048 0  .  mno_scene2  0  Austerlitz_part_1_(sp_sokolniz)  8 2133 2 144115188075857088 10 1261 1 275 1262 1 0 47 1 0 1263 2 0 0 1911 1 16 1910 1 275 2048 0  .  mno_scene3  0  Austerlitz_part_2_(sp_auster)  7 2133 2 144115188075857088 10 1261 1 276 1262 1 0 47 1 0 1263 2 0 0 1910 1 276 2048 0  .  mno_scene4  0  Austerlitz_part_3_(sp_sokolniz2)  7 2133 2 144115188075857088 10 1261 1 277 1262 1 0 47 1 0 1263 2 0 0 1910 1 277 2048 0  .  mno_scene5  0  Dresden_part_1_(sp_dresden1)  8 2133 2 144115188075857088 10 1261 1 278 1262 1 0 47 1 0 1263 2 0 0 1911 1 18 1910 1 278 2048 0  .  mno_scene6  0  Dresden_part_2_(sp_dresden2)  8 2133 2 144115188075857088 10 1261 1 279 1262 1 0 47 1 0 1263 2 0 0 1911 1 19 1910 1 279 2048 0  .  mno_scene7  0  New_Scene_1_(NON-PLAYABLE)  7 2133 2 144115188075857088 10 1261 1 280 1262 1 0 47 1 0 1263 2 0 0 1910 1 280 2048 0  .  mno_scene8  0  New_Scene_2_(NON-PLAYABLE)  7 2133 2 144115188075857088 10 1261 1 281 1262 1 0 47 1 0 1263 2 0 0 1910 1 281 2048 0  .  mno_scene9  0  New_Scene_3_(NON-PLAYABLE)  7 2133 2 144115188075857088 10 1261 1 282 1262 1 0 47 1 0 1263 2 0 0 1910 1 282 2048 0  .  mno_scene10  0  New_Scene_4_(NON-PLAYABLE)  7 2133 2 144115188075857088 10 1261 1 283 1262 1 0 47 1 0 1263 2 0 0 1910 1 283 2048 0  .  mno_go_back  0  Go_back  1 2060 1 0  . 
menu_run_mission_dummy 512 debug_screen none 48 4 0 31 2 144115188075857089 1 2133 2 144115188075857089 0 2133 2 144115188075857088 10 4 0 31 2 144115188075857086 0 2133 2 144115188075857088 10 1261 1 274 1262 1 0 47 1 0 1263 2 0 0 1911 1 15 1910 1 274 2048 0 5 0 31 2 144115188075857086 1 1261 1 275 1262 1 0 47 1 0 1263 2 0 0 1911 1 16 1910 1 275 2048 0 5 0 31 2 144115188075857086 2 4 0 31 2 144115188075857087 0 1261 1 278 1262 1 0 47 1 0 1263 2 0 0 1911 1 18 1910 1 278 2048 0 5 0 31 2 144115188075857087 1 1261 1 279 1262 1 0 47 1 0 1263 2 0 0 1911 1 19 1910 1 279 2048 0 3 0 5 0 900 1 59 3 0 3 0 2
 mno_continue  0  Continue  1 900 1 59  .  mno_debug  0  Debug_menu  2 2133 2 144115188075856162 0 2060 1 9  . 
menu_run_companion_dummy 512 debug_screen none 7 4 0 2147483679 2 144115188075857090 0 2133 2 1224979098644774912 144115188075857090 2133 2 144115188075857090 0 2051 1 1224979098644774912 5 0 3 0 2
 mno_continue  0  Continue  1 900 1 58  .  mno_debug  0  Debug_menu  2 2133 2 144115188075856162 0 2060 1 9  . 
menu_visit_camp_dummy 512 debug_screen none 13 4 0 2147483679 2 144115188075857091 0 2133 2 1224979098644774912 144115188075857091 2133 2 144115188075857091 0 1261 1 1224979098644774912 1262 1 0 47 1 0 1263 2 0 0 1911 1 20 1910 1 1224979098644774912 2048 0 5 0 3 0 2
 mno_continue  0  Continue  1 900 1 55  .  mno_debug  0  Debug_menu  2 2133 2 144115188075856162 0 2060 1 9  . 
menu_go_briefing_dummy 512 debug_screen none 0 2
 mno_continue  0  Continue  1 900 1 56  .  mno_debug  0  Debug_menu  2 2133 2 144115188075856162 0 2060 1 9  . 
menu_quit_dummy 512 debug_screen none 1 2055 0 2
 mno_continue  0  Continue  1 900 1 55  .  mno_debug  0  Debug_menu  2 2133 2 144115188075856162 0 2060 1 9  . 
