287
mesh_meshes_begin 0 empty_mesh 0.000000 0.000000 0.000000 0.000000 0.000000 0.000000 1.000000 1.000000 1.000000
mesh_mp_score_a 0 mp_score_a 0.000000 0.000000 0.000000 0.000000 0.000000 0.000000 1.000000 1.000000 1.000000
mesh_mp_score_b 0 mp_score_b 0.000000 0.000000 0.000000 0.000000 0.000000 0.000000 1.000000 1.000000 1.000000
mesh_load_window 0 load_window 0.000000 0.000000 0.000000 0.000000 0.000000 0.000000 1.000000 1.000000 1.000000
mesh_checkbox_off 1 checkbox_off 0.000000 0.000000 0.000000 0.000000 0.000000 0.000000 1.000000 1.000000 1.000000
mesh_checkbox_on 1 checkbox_on 0.000000 0.000000 0.000000 0.000000 0.000000 0.000000 1.000000 1.000000 1.000000
mesh_white_plane 0 white_plane 0.000000 0.000000 0.000000 0.000000 0.000000 0.000000 1.000000 1.000000 1.000000
mesh_white_dot 0 white_dot 0.000000 0.000000 0.000000 0.000000 0.000000 0.000000 1.000000 1.000000 1.000000
mesh_player_dot 0 player_dot 0.000000 0.000000 0.000000 0.000000 0.000000 0.000000 1.000000 1.000000 1.000000
mesh_flag_infantry 0 empty_mesh 0.000000 0.000000 0.000000 0.000000 0.000000 0.000000 1.000000 1.000000 1.000000
mesh_flag_archers 0 empty_mesh 0.000000 0.000000 0.000000 0.000000 0.000000 0.000000 1.000000 1.000000 1.000000
mesh_flag_cavalry 0 empty_mesh 0.000000 0.000000 0.000000 0.000000 0.000000 0.000000 1.000000 1.000000 1.000000
mesh_inv_slot 0 inv_slot 0.000000 0.000000 0.000000 0.000000 0.000000 0.000000 1.000000 1.000000 1.000000
mesh_mp_ingame_menu 0 mp_ingame_menu 0.000000 0.000000 0.000000 0.000000 0.000000 0.000000 1.000000 1.000000 1.000000
mesh_mp_inventory_left 0 mp_inventory_left 0.000000 0.000000 0.000000 0.000000 0.000000 0.000000 1.000000 1.000000 1.000000
mesh_mp_inventory_right 0 mp_inventory_right 0.000000 0.000000 0.000000 0.000000 0.000000 0.000000 1.000000 1.000000 1.000000
mesh_mp_inventory_choose 0 mp_inventory_choose 0.000000 0.000000 0.000000 0.000000 0.000000 0.000000 1.000000 1.000000 1.000000
mesh_mp_inventory_slot_glove 0 mp_inventory_slot_glove 0.000000 0.000000 0.000000 0.000000 0.000000 0.000000 1.000000 1.000000 1.000000
mesh_mp_inventory_slot_horse 0 mp_inventory_slot_horse 0.000000 0.000000 0.000000 0.000000 0.000000 0.000000 1.000000 1.000000 1.000000
mesh_mp_inventory_slot_armor 0 mp_inventory_slot_armor 0.000000 0.000000 0.000000 0.000000 0.000000 0.000000 1.000000 1.000000 1.000000
mesh_mp_inventory_slot_helmet 0 mp_inventory_slot_helmet 0.000000 0.000000 0.000000 0.000000 0.000000 0.000000 1.000000 1.000000 1.000000
mesh_mp_inventory_slot_boot 0 mp_inventory_slot_boot 0.000000 0.000000 0.000000 0.000000 0.000000 0.000000 1.000000 1.000000 1.000000
mesh_mp_inventory_slot_empty 0 mp_inventory_slot_empty 0.000000 0.000000 0.000000 0.000000 0.000000 0.000000 1.000000 1.000000 1.000000
mesh_mp_inventory_slot_equip 0 mp_inventory_slot_equip 0.000000 0.000000 0.000000 0.000000 0.000000 0.000000 1.000000 1.000000 1.000000
mesh_mp_inventory_left_arrow 0 mp_inventory_left_arrow 0.000000 0.000000 0.000000 0.000000 0.000000 0.000000 1.000000 1.000000 1.000000
mesh_mp_inventory_right_arrow 0 mp_inventory_right_arrow 0.000000 0.000000 0.000000 0.000000 0.000000 0.000000 1.000000 1.000000 1.000000
mesh_mp_ui_host_main 0 mp_ui_host_main 0.000000 0.000000 0.000000 0.000000 0.000000 0.000000 1.000000 1.000000 1.000000
mesh_mp_ui_command_panel 0 mp_ui_command_panel 0.000000 0.000000 0.000000 0.000000 0.000000 0.000000 1.000000 1.000000 1.000000
mesh_mp_ui_command_border_l 0 mp_ui_command_border_l 0.000000 0.000000 0.000000 0.000000 0.000000 0.000000 1.000000 1.000000 1.000000
mesh_mp_ui_command_border_r 0 mp_ui_command_border_r 0.000000 0.000000 0.000000 0.000000 0.000000 0.000000 1.000000 1.000000 1.000000
mesh_mp_ui_welcome_panel 0 mp_ui_welcome_panel 0.000000 0.000000 0.000000 0.000000 0.000000 0.000000 1.000000 1.000000 1.000000
mesh_flag_project_sw 0 flag_project_britain 0.000000 0.000000 0.000000 0.000000 0.000000 0.000000 1.000000 1.000000 1.000000
mesh_flag_project_vg 0 flag_project_france 0.000000 0.000000 0.000000 0.000000 0.000000 0.000000 1.000000 1.000000 1.000000
mesh_flag_project_kh 0 flag_project_prussia 0.000000 0.000000 0.000000 0.000000 0.000000 0.000000 1.000000 1.000000 1.000000
mesh_flag_project_nd 0 flag_project_russia 0.000000 0.000000 0.000000 0.000000 0.000000 0.000000 1.000000 1.000000 1.000000
mesh_flag_project_rh 0 flag_project_austria 0.000000 0.000000 0.000000 0.000000 0.000000 0.000000 1.000000 1.000000 1.000000
mesh_flag_project_sr 0 flag_project_rhine 0.000000 0.000000 0.000000 0.000000 0.000000 0.000000 1.000000 1.000000 1.000000
mesh_flag_projects_end 0 empty_mesh 0.000000 0.000000 0.000000 0.000000 0.000000 0.000000 1.000000 1.000000 1.000000
mesh_flag_project_sw_miss 0 flag_project_britain 0.000000 0.000000 0.000000 0.000000 0.000000 0.000000 1.000000 1.000000 1.000000
mesh_flag_project_vg_miss 0 flag_project_france 0.000000 0.000000 0.000000 0.000000 0.000000 0.000000 1.000000 1.000000 1.000000
mesh_flag_project_kh_miss 0 flag_project_prussia 0.000000 0.000000 0.000000 0.000000 0.000000 0.000000 1.000000 1.000000 1.000000
mesh_flag_project_nd_miss 0 flag_project_russia 0.000000 0.000000 0.000000 0.000000 0.000000 0.000000 1.000000 1.000000 1.000000
mesh_flag_project_rh_miss 0 flag_project_austria 0.000000 0.000000 0.000000 0.000000 0.000000 0.000000 1.000000 1.000000 1.000000
mesh_flag_project_sr_miss 0 flag_project_russia 0.000000 0.000000 0.000000 0.000000 0.000000 0.000000 1.000000 1.000000 1.000000
mesh_flag_project_misses_end 0 empty_mesh 0.000000 0.000000 0.000000 0.000000 0.000000 0.000000 1.000000 1.000000 1.000000
mesh_banner_a01 0 banner1 0.000000 0.000000 0.000000 -90.000000 0.000000 0.000000 1.000000 1.000000 1.000000
mesh_banner_a02 0 banner2 0.000000 0.000000 0.000000 -90.000000 0.000000 0.000000 1.000000 1.000000 1.000000
mesh_banner_a03 0 banner3 0.000000 0.000000 0.000000 -90.000000 0.000000 0.000000 1.000000 1.000000 1.000000
mesh_banner_a04 0 banner4 0.000000 0.000000 0.000000 -90.000000 0.000000 0.000000 1.000000 1.000000 1.000000
mesh_banner_a05 0 banner5 0.000000 0.000000 0.000000 -90.000000 0.000000 0.000000 1.000000 1.000000 1.000000
mesh_banner_a06 0 banner6 0.000000 0.000000 0.000000 -90.000000 0.000000 0.000000 1.000000 1.000000 1.000000
mesh_banner_a07 0 banner7 0.000000 0.000000 0.000000 -90.000000 0.000000 0.000000 1.000000 1.000000 1.000000
mesh_banner_a08 0 banner8 0.000000 0.000000 0.000000 -90.000000 0.000000 0.000000 1.000000 1.000000 1.000000
mesh_banner_a09 0 banner9 0.000000 0.000000 0.000000 -90.000000 0.000000 0.000000 1.000000 1.000000 1.000000
mesh_banner_a10 0 banner10 0.000000 0.000000 0.000000 -90.000000 0.000000 0.000000 1.000000 1.000000 1.000000
mesh_banner_a11 0 banner11 0.000000 0.000000 0.000000 -90.000000 0.000000 0.000000 1.000000 1.000000 1.000000
mesh_banner_a12 0 banner12 0.000000 0.000000 0.000000 -90.000000 0.000000 0.000000 1.000000 1.000000 1.000000
mesh_banner_a13 0 banner13 0.000000 0.000000 0.000000 -90.000000 0.000000 0.000000 1.000000 1.000000 1.000000
mesh_banner_a14 0 banner14 0.000000 0.000000 0.000000 -90.000000 0.000000 0.000000 1.000000 1.000000 1.000000
mesh_banner_a15 0 banner15 0.000000 0.000000 0.000000 -90.000000 0.000000 0.000000 1.000000 1.000000 1.000000
mesh_banner_a16 0 banner16 0.000000 0.000000 0.000000 -90.000000 0.000000 0.000000 1.000000 1.000000 1.000000
mesh_banner_a17 0 banner17 0.000000 0.000000 0.000000 -90.000000 0.000000 0.000000 1.000000 1.000000 1.000000
mesh_banner_a18 0 banner18 0.000000 0.000000 0.000000 -90.000000 0.000000 0.000000 1.000000 1.000000 1.000000
mesh_banner_a19 0 banner19 0.000000 0.000000 0.000000 -90.000000 0.000000 0.000000 1.000000 1.000000 1.000000
mesh_banner_a20 0 banner20 0.000000 0.000000 0.000000 -90.000000 0.000000 0.000000 1.000000 1.000000 1.000000
mesh_banner_a21 0 banner21 0.000000 0.000000 0.000000 -90.000000 0.000000 0.000000 1.000000 1.000000 1.000000
mesh_banner_b01 0 banner22 0.000000 0.000000 0.000000 -90.000000 0.000000 0.000000 1.000000 1.000000 1.000000
mesh_banner_b02 0 banner23 0.000000 0.000000 0.000000 -90.000000 0.000000 0.000000 1.000000 1.000000 1.000000
mesh_banner_b03 0 banner24 0.000000 0.000000 0.000000 -90.000000 0.000000 0.000000 1.000000 1.000000 1.000000
mesh_banner_b04 0 banner25 0.000000 0.000000 0.000000 -90.000000 0.000000 0.000000 1.000000 1.000000 1.000000
mesh_banner_b05 0 banner26 0.000000 0.000000 0.000000 -90.000000 0.000000 0.000000 1.000000 1.000000 1.000000
mesh_banner_b06 0 banner27 0.000000 0.000000 0.000000 -90.000000 0.000000 0.000000 1.000000 1.000000 1.000000
mesh_banner_b07 0 banner28 0.000000 0.000000 0.000000 -90.000000 0.000000 0.000000 1.000000 1.000000 1.000000
mesh_banner_b08 0 banner29 0.000000 0.000000 0.000000 -90.000000 0.000000 0.000000 1.000000 1.000000 1.000000
mesh_banner_b09 0 banner30 0.000000 0.000000 0.000000 -90.000000 0.000000 0.000000 1.000000 1.000000 1.000000
mesh_banner_b10 0 banner31 0.000000 0.000000 0.000000 -90.000000 0.000000 0.000000 1.000000 1.000000 1.000000
mesh_banner_b11 0 banner32 0.000000 0.000000 0.000000 -90.000000 0.000000 0.000000 1.000000 1.000000 1.000000
mesh_banner_b12 0 banner33 0.000000 0.000000 0.000000 -90.000000 0.000000 0.000000 1.000000 1.000000 1.000000
mesh_banner_b13 0 banner34 0.000000 0.000000 0.000000 -90.000000 0.000000 0.000000 1.000000 1.000000 1.000000
mesh_banner_b14 0 banner35 0.000000 0.000000 0.000000 -90.000000 0.000000 0.000000 1.000000 1.000000 1.000000
mesh_banner_b15 0 banner36 0.000000 0.000000 0.000000 -90.000000 0.000000 0.000000 1.000000 1.000000 1.000000
mesh_banner_b16 0 banner37 0.000000 0.000000 0.000000 -90.000000 0.000000 0.000000 1.000000 1.000000 1.000000
mesh_banner_b17 0 banner38 0.000000 0.000000 0.000000 -90.000000 0.000000 0.000000 1.000000 1.000000 1.000000
mesh_banner_b18 0 banner39 0.000000 0.000000 0.000000 -90.000000 0.000000 0.000000 1.000000 1.000000 1.000000
mesh_banner_b19 0 banner40 0.000000 0.000000 0.000000 -90.000000 0.000000 0.000000 1.000000 1.000000 1.000000
mesh_banner_b20 0 banner41 0.000000 0.000000 0.000000 -90.000000 0.000000 0.000000 1.000000 1.000000 1.000000
mesh_banner_b21 0 banner42 0.000000 0.000000 0.000000 -90.000000 0.000000 0.000000 1.000000 1.000000 1.000000
mesh_banner_c01 0 banner43 0.000000 0.000000 0.000000 -90.000000 0.000000 0.000000 1.000000 1.000000 1.000000
mesh_banner_c02 0 banner44 0.000000 0.000000 0.000000 -90.000000 0.000000 0.000000 1.000000 1.000000 1.000000
mesh_banner_c03 0 banner45 0.000000 0.000000 0.000000 -90.000000 0.000000 0.000000 1.000000 1.000000 1.000000
mesh_banner_c04 0 banner46 0.000000 0.000000 0.000000 -90.000000 0.000000 0.000000 1.000000 1.000000 1.000000
mesh_banner_c05 0 banner47 0.000000 0.000000 0.000000 -90.000000 0.000000 0.000000 1.000000 1.000000 1.000000
mesh_banner_c06 0 banner48 0.000000 0.000000 0.000000 -90.000000 0.000000 0.000000 1.000000 1.000000 1.000000
mesh_banner_c07 0 banner49 0.000000 0.000000 0.000000 -90.000000 0.000000 0.000000 1.000000 1.000000 1.000000
mesh_banner_c08 0 banner50 0.000000 0.000000 0.000000 -90.000000 0.000000 0.000000 1.000000 1.000000 1.000000
mesh_banner_c09 0 banner51 0.000000 0.000000 0.000000 -90.000000 0.000000 0.000000 1.000000 1.000000 1.000000
mesh_banner_c10 0 banner52 0.000000 0.000000 0.000000 -90.000000 0.000000 0.000000 1.000000 1.000000 1.000000
mesh_banner_c11 0 banner53 0.000000 0.000000 0.000000 -90.000000 0.000000 0.000000 1.000000 1.000000 1.000000
mesh_banner_c12 0 banner54 0.000000 0.000000 0.000000 -90.000000 0.000000 0.000000 1.000000 1.000000 1.000000
mesh_banner_c13 0 banner55 0.000000 0.000000 0.000000 -90.000000 0.000000 0.000000 1.000000 1.000000 1.000000
mesh_banner_c14 0 banner56 0.000000 0.000000 0.000000 -90.000000 0.000000 0.000000 1.000000 1.000000 1.000000
mesh_banner_c15 0 banner57 0.000000 0.000000 0.000000 -90.000000 0.000000 0.000000 1.000000 1.000000 1.000000
mesh_banner_c16 0 banner58 0.000000 0.000000 0.000000 -90.000000 0.000000 0.000000 1.000000 1.000000 1.000000
mesh_banner_c17 0 banner59 0.000000 0.000000 0.000000 -90.000000 0.000000 0.000000 1.000000 1.000000 1.000000
mesh_banner_c18 0 banner60 0.000000 0.000000 0.000000 -90.000000 0.000000 0.000000 1.000000 1.000000 1.000000
mesh_banner_c19 0 banner61 0.000000 0.000000 0.000000 -90.000000 0.000000 0.000000 1.000000 1.000000 1.000000
mesh_banner_c20 0 banner62 0.000000 0.000000 0.000000 -90.000000 0.000000 0.000000 1.000000 1.000000 1.000000
mesh_banner_c21 0 banner63 0.000000 0.000000 0.000000 -90.000000 0.000000 0.000000 1.000000 1.000000 1.000000
mesh_banner_d01 0 banner64 0.000000 0.000000 0.000000 -90.000000 0.000000 0.000000 1.000000 1.000000 1.000000
mesh_banner_d02 0 banner65 0.000000 0.000000 0.000000 -90.000000 0.000000 0.000000 1.000000 1.000000 1.000000
mesh_banner_d03 0 banner66 0.000000 0.000000 0.000000 -90.000000 0.000000 0.000000 1.000000 1.000000 1.000000
mesh_banner_d04 0 banner67 0.000000 0.000000 0.000000 -90.000000 0.000000 0.000000 1.000000 1.000000 1.000000
mesh_banner_d05 0 banner68 0.000000 0.000000 0.000000 -90.000000 0.000000 0.000000 1.000000 1.000000 1.000000
mesh_banner_d06 0 banner69 0.000000 0.000000 0.000000 -90.000000 0.000000 0.000000 1.000000 1.000000 1.000000
mesh_banner_d07 0 banner70 0.000000 0.000000 0.000000 -90.000000 0.000000 0.000000 1.000000 1.000000 1.000000
mesh_banner_d08 0 banner71 0.000000 0.000000 0.000000 -90.000000 0.000000 0.000000 1.000000 1.000000 1.000000
mesh_banner_d09 0 banner72 0.000000 0.000000 0.000000 -90.000000 0.000000 0.000000 1.000000 1.000000 1.000000
mesh_banner_d10 0 banner73 0.000000 0.000000 0.000000 -90.000000 0.000000 0.000000 1.000000 1.000000 1.000000
mesh_banner_d11 0 banner74 0.000000 0.000000 0.000000 -90.000000 0.000000 0.000000 1.000000 1.000000 1.000000
mesh_banner_d12 0 banner75 0.000000 0.000000 0.000000 -90.000000 0.000000 0.000000 1.000000 1.000000 1.000000
mesh_banner_d13 0 banner76 0.000000 0.000000 0.000000 -90.000000 0.000000 0.000000 1.000000 1.000000 1.000000
mesh_banner_d14 0 banner77 0.000000 0.000000 0.000000 -90.000000 0.000000 0.000000 1.000000 1.000000 1.000000
mesh_banner_d15 0 banner78 0.000000 0.000000 0.000000 -90.000000 0.000000 0.000000 1.000000 1.000000 1.000000
mesh_banner_d16 0 banner79 0.000000 0.000000 0.000000 -90.000000 0.000000 0.000000 1.000000 1.000000 1.000000
mesh_banner_d17 0 banner80 0.000000 0.000000 0.000000 -90.000000 0.000000 0.000000 1.000000 1.000000 1.000000
mesh_banner_d18 0 banner81 0.000000 0.000000 0.000000 -90.000000 0.000000 0.000000 1.000000 1.000000 1.000000
mesh_banner_d19 0 banner82 0.000000 0.000000 0.000000 -90.000000 0.000000 0.000000 1.000000 1.000000 1.000000
mesh_banner_d20 0 banner83 0.000000 0.000000 0.000000 -90.000000 0.000000 0.000000 1.000000 1.000000 1.000000
mesh_banner_d21 0 banner84 0.000000 0.000000 0.000000 -90.000000 0.000000 0.000000 1.000000 1.000000 1.000000
mesh_banner_e01 0 banner85 0.000000 0.000000 0.000000 -90.000000 0.000000 0.000000 1.000000 1.000000 1.000000
mesh_banner_e02 0 banner86 0.000000 0.000000 0.000000 -90.000000 0.000000 0.000000 1.000000 1.000000 1.000000
mesh_banner_e03 0 banner87 0.000000 0.000000 0.000000 -90.000000 0.000000 0.000000 1.000000 1.000000 1.000000
mesh_banner_e04 0 banner88 0.000000 0.000000 0.000000 -90.000000 0.000000 0.000000 1.000000 1.000000 1.000000
mesh_banner_e05 0 banner89 0.000000 0.000000 0.000000 -90.000000 0.000000 0.000000 1.000000 1.000000 1.000000
mesh_banner_e06 0 banner90 0.000000 0.000000 0.000000 -90.000000 0.000000 0.000000 1.000000 1.000000 1.000000
mesh_banner_e07 0 banner91 0.000000 0.000000 0.000000 -90.000000 0.000000 0.000000 1.000000 1.000000 1.000000
mesh_banner_e08 0 banner92 0.000000 0.000000 0.000000 -90.000000 0.000000 0.000000 1.000000 1.000000 1.000000
mesh_banner_kingdom_a 0 banner2 0.000000 0.000000 0.000000 -90.000000 0.000000 0.000000 1.000000 1.000000 1.000000
mesh_banner_kingdom_b 0 banner5 0.000000 0.000000 0.000000 -90.000000 0.000000 0.000000 1.000000 1.000000 1.000000
mesh_banner_kingdom_c 0 banner3 0.000000 0.000000 0.000000 -90.000000 0.000000 0.000000 1.000000 1.000000 1.000000
mesh_banner_kingdom_d 0 banner1 0.000000 0.000000 0.000000 -90.000000 0.000000 0.000000 1.000000 1.000000 1.000000
mesh_banner_kingdom_e 0 banner75 0.000000 0.000000 0.000000 -90.000000 0.000000 0.000000 1.000000 1.000000 1.000000
mesh_banner_kingdom_f 0 banner4 0.000000 0.000000 0.000000 -90.000000 0.000000 0.000000 1.000000 1.000000 1.000000
mesh_banner_f21 0 empty_mesh 0.000000 0.000000 0.000000 -90.000000 0.000000 0.000000 1.000000 1.000000 1.000000
mesh_banners_default_a 0 banner2 0.000000 0.000000 0.000000 -90.000000 0.000000 0.000000 1.000000 1.000000 1.000000
mesh_banners_default_b 0 banner5 0.000000 0.000000 0.000000 -90.000000 0.000000 0.000000 1.000000 1.000000 1.000000
mesh_banners_default_c 0 banner3 0.000000 0.000000 0.000000 -90.000000 0.000000 0.000000 1.000000 1.000000 1.000000
mesh_banners_default_d 0 banner1 0.000000 0.000000 0.000000 -90.000000 0.000000 0.000000 1.000000 1.000000 1.000000
mesh_banners_default_e 0 banner4 0.000000 0.000000 0.000000 -90.000000 0.000000 0.000000 1.000000 1.000000 1.000000
mesh_banners_default_f 0 banner75 0.000000 0.000000 0.000000 -90.000000 0.000000 0.000000 1.000000 1.000000 1.000000
mesh_troop_label_banner 0 troop_label_banner 0.000000 0.000000 0.000000 0.000000 0.000000 0.000000 10.000000 10.000000 10.000000
mesh_ui_kingdom_shield_1 0 ui_kingdom_shield_a 0.000000 0.000000 0.000000 0.000000 0.000000 0.000000 1.000000 1.000000 1.000000
mesh_ui_kingdom_shield_2 0 ui_kingdom_shield_c 0.000000 0.000000 0.000000 0.000000 0.000000 0.000000 1.000000 1.000000 1.000000
mesh_ui_kingdom_shield_3 0 ui_kingdom_shield_g 0.000000 0.000000 0.000000 0.000000 0.000000 0.000000 1.000000 1.000000 1.000000
mesh_ui_kingdom_shield_4 0 ui_kingdom_shield_d 0.000000 0.000000 0.000000 0.000000 0.000000 0.000000 1.000000 1.000000 1.000000
mesh_ui_kingdom_shield_5 0 ui_kingdom_shield_h 0.000000 0.000000 0.000000 0.000000 0.000000 0.000000 1.000000 1.000000 1.000000
mesh_ui_kingdom_shield_6 0 ui_kingdom_shield_b 0.000000 0.000000 0.000000 0.000000 0.000000 0.000000 1.000000 1.000000 1.000000
mesh_mouse_arrow_down 0 mouse_arrow_down 0.000000 0.000000 0.000000 0.000000 0.000000 0.000000 1.000000 1.000000 1.000000
mesh_mouse_arrow_right 0 mouse_arrow_right 0.000000 0.000000 0.000000 0.000000 0.000000 0.000000 1.000000 1.000000 1.000000
mesh_mouse_arrow_left 0 mouse_arrow_left 0.000000 0.000000 0.000000 0.000000 0.000000 0.000000 1.000000 1.000000 1.000000
mesh_mouse_arrow_up 0 mouse_arrow_up 0.000000 0.000000 0.000000 0.000000 0.000000 0.000000 1.000000 1.000000 1.000000
mesh_mouse_arrow_plus 0 mouse_arrow_plus 0.000000 0.000000 0.000000 0.000000 0.000000 0.000000 1.000000 1.000000 1.000000
mesh_mouse_left_click 0 mouse_left_click 0.000000 0.000000 0.000000 0.000000 0.000000 0.000000 1.000000 1.000000 1.000000
mesh_mouse_right_click 0 mouse_right_click 0.000000 0.000000 0.000000 0.000000 0.000000 0.000000 1.000000 1.000000 1.000000
mesh_main_menu_background 0 main_menu_nord 0.000000 0.000000 0.000000 0.000000 0.000000 0.000000 1.000000 1.000000 1.000000
mesh_loading_background 0 load_screen_2 0.000000 0.000000 0.000000 0.000000 0.000000 0.000000 1.000000 1.000000 1.000000
mesh_white_bg_plane_a 0 white_bg_plane_a 0.000000 0.000000 0.000000 0.000000 0.000000 0.000000 1.000000 1.000000 1.000000
mesh_cb_ui_main 0 cb_ui_main 0.000000 0.000000 0.000000 0.000000 0.000000 0.000000 1.000000 1.000000 1.000000
mesh_cb_ui_maps_scene_french_farm 0 cb_ui_maps_scene_french_farm 0.000000 0.000000 0.000000 0.000000 0.000000 0.000000 1.000000 1.000000 1.000000
mesh_cb_ui_maps_scene_landshut 0 cb_ui_maps_scene_landshut 0.000000 0.000000 0.000000 0.000000 0.000000 0.000000 1.000000 1.000000 1.000000
mesh_cb_ui_maps_scene_river_crossing 0 cb_ui_maps_scene_river_crossing 0.000000 0.000000 0.000000 0.000000 0.000000 0.000000 1.000000 1.000000 1.000000
mesh_cb_ui_maps_scene_spanish_village 0 cb_ui_maps_scene_spanish_village 0.000000 0.000000 0.000000 0.000000 0.000000 0.000000 1.000000 1.000000 1.000000
mesh_cb_ui_maps_scene_strangefields 0 cb_ui_maps_scene_strangefields 0.000000 0.000000 0.000000 0.000000 0.000000 0.000000 1.000000 1.000000 1.000000
mesh_cb_ui_maps_scene_01 0 cb_ui_maps_scene_01 0.000000 0.000000 0.000000 0.000000 0.000000 0.000000 1.000000 1.000000 1.000000
mesh_cb_ui_maps_scene_02 0 cb_ui_maps_scene_02 0.000000 0.000000 0.000000 0.000000 0.000000 0.000000 1.000000 1.000000 1.000000
mesh_cb_ui_maps_scene_03 0 cb_ui_maps_scene_03 0.000000 0.000000 0.000000 0.000000 0.000000 0.000000 1.000000 1.000000 1.000000
mesh_cb_ui_maps_scene_04 0 cb_ui_maps_scene_04 0.000000 0.000000 0.000000 0.000000 0.000000 0.000000 1.000000 1.000000 1.000000
mesh_cb_ui_maps_scene_05 0 cb_ui_maps_scene_05 0.000000 0.000000 0.000000 0.000000 0.000000 0.000000 1.000000 1.000000 1.000000
mesh_cb_ui_maps_scene_06 0 cb_ui_maps_scene_06 0.000000 0.000000 0.000000 0.000000 0.000000 0.000000 1.000000 1.000000 1.000000
mesh_cb_ui_maps_scene_07 0 cb_ui_maps_scene_07 0.000000 0.000000 0.000000 0.000000 0.000000 0.000000 1.000000 1.000000 1.000000
mesh_cb_ui_maps_scene_08 0 cb_ui_maps_scene_08 0.000000 0.000000 0.000000 0.000000 0.000000 0.000000 1.000000 1.000000 1.000000
mesh_cb_ui_maps_scene_09 0 cb_ui_maps_scene_09 0.000000 0.000000 0.000000 0.000000 0.000000 0.000000 1.000000 1.000000 1.000000
mesh_ui_kingdom_shield_7 0 ui_kingdom_shield_reb 0.000000 0.000000 0.000000 0.000000 0.000000 0.000000 1.000000 1.000000 1.000000
mesh_flag_project_rb 0 flag_project_rebel 0.000000 0.000000 0.000000 0.000000 0.000000 0.000000 1.000000 1.000000 1.000000
mesh_flag_project_rb_miss 0 flag_project_rebel 0.000000 0.000000 0.000000 0.000000 0.000000 0.000000 1.000000 1.000000 1.000000
mesh_ui_kingdom_shield_neutral 0 ui_kingdom_shield_neutral 0.000000 0.000000 0.000000 0.000000 0.000000 0.000000 1.000000 1.000000 1.000000
mesh_ui_team_select_shield_aus 0 NewUIShieldsMM_Austria 0.000000 0.000000 0.000000 0.000000 0.000000 0.000000 1.000000 1.000000 1.000000
mesh_ui_team_select_shield_bri 0 NewUIShieldsMM_Britain 0.000000 0.000000 0.000000 0.000000 0.000000 0.000000 1.000000 1.000000 1.000000
mesh_ui_team_select_shield_fra 0 NewUIShieldsMM_France 0.000000 0.000000 0.000000 0.000000 0.000000 0.000000 1.000000 1.000000 1.000000
mesh_ui_team_select_shield_pru 0 NewUIShieldsMM_Prussia 0.000000 0.000000 0.000000 0.000000 0.000000 0.000000 1.000000 1.000000 1.000000
mesh_ui_team_select_shield_rus 0 NewUIShieldsMM_Russia 0.000000 0.000000 0.000000 0.000000 0.000000 0.000000 1.000000 1.000000 1.000000
mesh_ui_team_select_shield_rhi 0 NewUIShieldsMM_Rhine 0.000000 0.000000 0.000000 0.000000 0.000000 0.000000 1.000000 1.000000 1.000000
mesh_ui_team_select_shield_reb 0 NewUIShieldsMM_Rebel 0.000000 0.000000 0.000000 0.000000 0.000000 0.000000 1.000000 1.000000 1.000000
mesh_ui_team_select_shield_neu 0 NewUIShieldsMM_Neutral 0.000000 0.000000 0.000000 0.000000 0.000000 0.000000 1.000000 1.000000 1.000000
mesh_construct_mesh_stakes 0 ui_construct_cdf 0.000000 0.000000 0.000000 0.000000 0.000000 0.000000 1.000000 1.000000 1.000000
mesh_construct_mesh_stakes2 0 ui_construct_stakes 0.000000 0.000000 0.000000 0.000000 0.000000 0.000000 1.000000 1.000000 1.000000
mesh_construct_mesh_sandbags 0 ui_construct_bags 0.000000 0.000000 0.000000 0.000000 0.000000 0.000000 1.000000 1.000000 1.000000
mesh_construct_mesh_cdf_tri 0 ui_construct_cdf_tri 0.000000 0.000000 0.000000 0.000000 0.000000 0.000000 1.000000 1.000000 1.000000
mesh_construct_mesh_gabion 0 ui_construct_gabion 0.000000 0.000000 0.000000 0.000000 0.000000 0.000000 1.000000 1.000000 1.000000
mesh_construct_mesh_fence 0 ui_construct_fence 0.000000 0.000000 0.000000 0.000000 0.000000 0.000000 1.000000 1.000000 1.000000
mesh_construct_mesh_plank 0 ui_construct_plank 0.000000 0.000000 0.000000 0.000000 0.000000 0.000000 1.000000 1.000000 1.000000
mesh_construct_mesh_earthwork 0 ui_construct_dig 0.000000 0.000000 0.000000 0.000000 0.000000 0.000000 1.000000 1.000000 1.000000
mesh_construct_mesh_explosives 0 ui_construct_crate 0.000000 0.000000 0.000000 0.000000 0.000000 0.000000 1.000000 1.000000 1.000000
mesh_bonus_icon_melee 0 bonus_icon_melee 0.000000 0.000000 0.000000 0.000000 0.000000 0.000000 1.000000 1.000000 1.000000
mesh_bonus_icon_accuracy 0 bonus_icon_accuracy 0.000000 0.000000 0.000000 0.000000 0.000000 0.000000 1.000000 1.000000 1.000000
mesh_bonus_icon_speed 0 bonus_icon_speed 0.000000 0.000000 0.000000 0.000000 0.000000 0.000000 1.000000 1.000000 1.000000
mesh_bonus_icon_reload 0 bonus_icon_reload 0.000000 0.000000 0.000000 0.000000 0.000000 0.000000 1.000000 1.000000 1.000000
mesh_bonus_icon_artillery 0 bonus_icon_artillery 0.000000 0.000000 0.000000 0.000000 0.000000 0.000000 1.000000 1.000000 1.000000
mesh_bonus_icon_commander 0 bonus_icon_commander 0.000000 0.000000 0.000000 0.000000 0.000000 0.000000 1.000000 1.000000 1.000000
mesh_arty_icon_take_ammo 0 arty_icon_take_ammo 0.000000 0.000000 0.000000 0.000000 0.000000 0.000000 1.000000 1.000000 1.000000
mesh_arty_icon_put_ammo 0 arty_icon_put_ammo 0.000000 0.000000 0.000000 0.000000 0.000000 0.000000 1.000000 1.000000 1.000000
mesh_arty_icon_ram 0 arty_icon_ram 0.000000 0.000000 0.000000 0.000000 0.000000 0.000000 1.000000 1.000000 1.000000
mesh_arty_icon_move_up 0 arty_icon_move_up 0.000000 0.000000 0.000000 0.000000 0.000000 0.000000 1.000000 1.000000 1.000000
mesh_arty_icon_take_control 0 arty_icon_take_control 0.000000 0.000000 0.000000 0.000000 0.000000 0.000000 1.000000 1.000000 1.000000
mesh_medic_icon_heal 0 medic_icon_heal 0.000000 0.000000 0.000000 0.000000 0.000000 0.000000 1.000000 1.000000 1.000000
mesh_medic_icon_medic 0 medic_icon_medic 0.000000 0.000000 0.000000 0.000000 0.000000 0.000000 1.000000 1.000000 1.000000
mesh_item_select_no_select 0 cb_ui_title_panel 0.000000 0.000000 0.000000 0.000000 0.000000 0.000000 1.000000 1.000000 1.000000
mesh_mm_spyglass_ui 0 mm_spyglass_ui_mesh 0.000000 0.000000 0.000000 0.000000 0.000000 0.000000 1.000000 1.000000 1.000000
mesh_custom_mp_ui_order_button 0 mp_ui_order_button 0.000000 0.000000 0.000000 0.000000 0.000000 0.000000 0.800000 0.600000 0.600000
mesh_target_plate 0 target_plate 0.000000 0.000000 0.000000 0.000000 0.000000 0.000000 1.000000 1.000000 1.000000
mesh_scn_mp_floodplain_select 0 scn_mp_floodplain_select 0.000000 0.000000 0.000000 0.000000 0.000000 0.000000 1.000000 1.000000 1.000000
mesh_scn_mp_siege_of_toulon_select 0 scn_mp_siege_of_toulon_select 0.000000 0.000000 0.000000 0.000000 0.000000 0.000000 1.000000 1.000000 1.000000
mesh_scn_mp_fort_hohenfels_select 0 scn_mp_fort_hohenfels_select 0.000000 0.000000 0.000000 0.000000 0.000000 0.000000 1.000000 1.000000 1.000000
mesh_scn_mp_fort_george_select 0 scn_mp_fort_george_select 0.000000 0.000000 0.000000 0.000000 0.000000 0.000000 1.000000 1.000000 1.000000
mesh_scn_mp_fort_mackinaw_select 0 scn_mp_fort_mackinaw_select 0.000000 0.000000 0.000000 0.000000 0.000000 0.000000 1.000000 1.000000 1.000000
mesh_scn_mp_fort_nylas_select 0 scn_mp_fort_nylas_select 0.000000 0.000000 0.000000 0.000000 0.000000 0.000000 1.000000 1.000000 1.000000
mesh_scn_mp_charge_of_the_rhine_select 0 scn_mp_charge_of_the_rhine_select 0.000000 0.000000 0.000000 0.000000 0.000000 0.000000 1.000000 1.000000 1.000000
mesh_scn_mp_fort_de_charte_select 0 scn_mp_fort_de_charte_select 0.000000 0.000000 0.000000 0.000000 0.000000 0.000000 1.000000 1.000000 1.000000
mesh_scn_mp_fort_brochet_select 0 scn_mp_fort_brochet_select 0.000000 0.000000 0.000000 0.000000 0.000000 0.000000 1.000000 1.000000 1.000000
mesh_scn_mp_fort_bashir_select 0 scn_mp_fort_bashir_select 0.000000 0.000000 0.000000 0.000000 0.000000 0.000000 1.000000 1.000000 1.000000
mesh_scn_mp_fort_al_hafya_select 0 scn_mp_fort_al_hafya_select 0.000000 0.000000 0.000000 0.000000 0.000000 0.000000 1.000000 1.000000 1.000000
mesh_scn_mp_citadell_napoleon_select 0 scn_mp_citadell_napoleon_select 0.000000 0.000000 0.000000 0.000000 0.000000 0.000000 1.000000 1.000000 1.000000
mesh_scn_mp_venice_select 0 scn_mp_venice_select 0.000000 0.000000 0.000000 0.000000 0.000000 0.000000 1.000000 1.000000 1.000000
mesh_scn_mp_sjotofta_select 0 scn_mp_sjotofta_select 0.000000 0.000000 0.000000 0.000000 0.000000 0.000000 1.000000 1.000000 1.000000
mesh_scn_mp_saints_isle_select 0 scn_mp_saints_isle_select 0.000000 0.000000 0.000000 0.000000 0.000000 0.000000 1.000000 1.000000 1.000000
mesh_scn_mp_russian_town_select 0 scn_mp_russian_town_select 0.000000 0.000000 0.000000 0.000000 0.000000 0.000000 1.000000 1.000000 1.000000
mesh_scn_mp_outlaws_den_select 0 scn_mp_outlaws_den_select 0.000000 0.000000 0.000000 0.000000 0.000000 0.000000 1.000000 1.000000 1.000000
mesh_scn_mp_russian_river_select 0 scn_mp_russian_river_select 0.000000 0.000000 0.000000 0.000000 0.000000 0.000000 1.000000 1.000000 1.000000
mesh_scn_mp_the_island_select 0 scn_mp_the_island_select 0.000000 0.000000 0.000000 0.000000 0.000000 0.000000 1.000000 1.000000 1.000000
mesh_scn_mp_bavarian_river_select 0 scn_mp_bavarian_river_select 0.000000 0.000000 0.000000 0.000000 0.000000 0.000000 1.000000 1.000000 1.000000
mesh_scn_mp_forest_pallaside_select 0 scn_mp_forest_pallaside_select 0.000000 0.000000 0.000000 0.000000 0.000000 0.000000 1.000000 1.000000 1.000000
mesh_scn_mp_countryside_select 0 scn_mp_countryside_select 0.000000 0.000000 0.000000 0.000000 0.000000 0.000000 1.000000 1.000000 1.000000
mesh_scn_mp_dust_select 0 scn_mp_dust_select 0.000000 0.000000 0.000000 0.000000 0.000000 0.000000 1.000000 1.000000 1.000000
mesh_scn_mp_beach_select 0 scn_mp_beach_select 0.000000 0.000000 0.000000 0.000000 0.000000 0.000000 1.000000 1.000000 1.000000
mesh_scn_mp_arabian_town_select 0 scn_mp_arabian_town_select 0.000000 0.000000 0.000000 0.000000 0.000000 0.000000 1.000000 1.000000 1.000000
mesh_scn_mp_ambush_select 0 scn_mp_ambush_select 0.000000 0.000000 0.000000 0.000000 0.000000 0.000000 1.000000 1.000000 1.000000
mesh_scn_mp_arabian_harbour_select 0 scn_mp_arabian_harbour_select 0.000000 0.000000 0.000000 0.000000 0.000000 0.000000 1.000000 1.000000 1.000000
mesh_scn_mp_arabian_village_select 0 scn_mp_arabian_village_select 0.000000 0.000000 0.000000 0.000000 0.000000 0.000000 1.000000 1.000000 1.000000
mesh_scn_mp_ardennes_select 0 scn_mp_ardennes_select 0.000000 0.000000 0.000000 0.000000 0.000000 0.000000 1.000000 1.000000 1.000000
mesh_scn_mp_avignon_select 0 scn_mp_avignon_select 0.000000 0.000000 0.000000 0.000000 0.000000 0.000000 1.000000 1.000000 1.000000
mesh_scn_mp_bordino_select 0 scn_mp_bordino_select 0.000000 0.000000 0.000000 0.000000 0.000000 0.000000 1.000000 1.000000 1.000000
mesh_scn_mp_champs_elysees_select 0 scn_mp_champs_elysees_select 0.000000 0.000000 0.000000 0.000000 0.000000 0.000000 1.000000 1.000000 1.000000
mesh_scn_mp_columbia_farm_select 0 scn_mp_columbia_farm_select 0.000000 0.000000 0.000000 0.000000 0.000000 0.000000 1.000000 1.000000 1.000000
mesh_scn_mp_european_city_summer_select 0 scn_mp_european_city_summer_select 0.000000 0.000000 0.000000 0.000000 0.000000 0.000000 1.000000 1.000000 1.000000
mesh_scn_mp_european_city_winter_select 0 scn_mp_european_city_winter_select 0.000000 0.000000 0.000000 0.000000 0.000000 0.000000 1.000000 1.000000 1.000000
mesh_scn_mp_fort_beaver_select 0 scn_mp_fort_beaver_select 0.000000 0.000000 0.000000 0.000000 0.000000 0.000000 1.000000 1.000000 1.000000
mesh_scn_mp_fort_boyd_select 0 scn_mp_fort_boyd_select 0.000000 0.000000 0.000000 0.000000 0.000000 0.000000 1.000000 1.000000 1.000000
mesh_scn_mp_fort_fleetwood_select 0 scn_mp_fort_fleetwood_select 0.000000 0.000000 0.000000 0.000000 0.000000 0.000000 1.000000 1.000000 1.000000
mesh_scn_mp_fort_lyon_select 0 scn_mp_fort_lyon_select 0.000000 0.000000 0.000000 0.000000 0.000000 0.000000 1.000000 1.000000 1.000000
mesh_scn_mp_fort_refleax_select 0 scn_mp_fort_refleax_select 0.000000 0.000000 0.000000 0.000000 0.000000 0.000000 1.000000 1.000000 1.000000
mesh_scn_mp_fort_vincey_select 0 scn_mp_fort_vincey_select 0.000000 0.000000 0.000000 0.000000 0.000000 0.000000 1.000000 1.000000 1.000000
mesh_scn_mp_french_farm_select 0 scn_mp_french_farm_select 0.000000 0.000000 0.000000 0.000000 0.000000 0.000000 1.000000 1.000000 1.000000
mesh_scn_mp_german_village_select 0 scn_mp_german_village_select 0.000000 0.000000 0.000000 0.000000 0.000000 0.000000 1.000000 1.000000 1.000000
mesh_scn_mp_hougoumont_select 0 scn_mp_hougoumont_select 0.000000 0.000000 0.000000 0.000000 0.000000 0.000000 1.000000 1.000000 1.000000
mesh_scn_mp_hungarian_plains_select 0 scn_mp_hungarian_plains_select 0.000000 0.000000 0.000000 0.000000 0.000000 0.000000 1.000000 1.000000 1.000000
mesh_scn_mp_la_haye_sainte_select 0 scn_mp_la_haye_sainte_select 0.000000 0.000000 0.000000 0.000000 0.000000 0.000000 1.000000 1.000000 1.000000
mesh_scn_mp_landshut_select 0 scn_mp_landshut_select 0.000000 0.000000 0.000000 0.000000 0.000000 0.000000 1.000000 1.000000 1.000000
mesh_scn_mp_minden_select 0 scn_mp_minden_select 0.000000 0.000000 0.000000 0.000000 0.000000 0.000000 1.000000 1.000000 1.000000
mesh_scn_mp_oaksfield_select 0 scn_mp_oaksfield_select 0.000000 0.000000 0.000000 0.000000 0.000000 0.000000 1.000000 1.000000 1.000000
mesh_scn_mp_quatre_bras_select 0 scn_mp_quatre_bras_select 0.000000 0.000000 0.000000 0.000000 0.000000 0.000000 1.000000 1.000000 1.000000
mesh_scn_mp_river_crossing_select 0 scn_mp_river_crossing_select 0.000000 0.000000 0.000000 0.000000 0.000000 0.000000 1.000000 1.000000 1.000000
mesh_scn_mp_roxburgh_select 0 scn_mp_roxburgh_select 0.000000 0.000000 0.000000 0.000000 0.000000 0.000000 1.000000 1.000000 1.000000
mesh_scn_mp_russian_village_select 0 scn_mp_russian_village_select 0.000000 0.000000 0.000000 0.000000 0.000000 0.000000 1.000000 1.000000 1.000000
mesh_scn_mp_schemmerbach_select 0 scn_mp_schemmerbach_select 0.000000 0.000000 0.000000 0.000000 0.000000 0.000000 1.000000 1.000000 1.000000
mesh_scn_mp_slovenian_village_select 0 scn_mp_slovenian_village_select 0.000000 0.000000 0.000000 0.000000 0.000000 0.000000 1.000000 1.000000 1.000000
mesh_scn_mp_spanish_farm_select 0 scn_mp_spanish_farm_select 0.000000 0.000000 0.000000 0.000000 0.000000 0.000000 1.000000 1.000000 1.000000
mesh_scn_mp_spanish_mountain_pass_select 0 scn_mp_spanish_mountain_pass_select 0.000000 0.000000 0.000000 0.000000 0.000000 0.000000 1.000000 1.000000 1.000000
mesh_scn_mp_spanish_village_select 0 scn_mp_spanish_village_select 0.000000 0.000000 0.000000 0.000000 0.000000 0.000000 1.000000 1.000000 1.000000
mesh_scn_mp_strangefields_select 0 scn_mp_strangefields_select 0.000000 0.000000 0.000000 0.000000 0.000000 0.000000 1.000000 1.000000 1.000000
mesh_scn_mp_swamp_select 0 scn_mp_swamp_select 0.000000 0.000000 0.000000 0.000000 0.000000 0.000000 1.000000 1.000000 1.000000
mesh_scn_mp_walloon_farm_select 0 scn_mp_walloon_farm_select 0.000000 0.000000 0.000000 0.000000 0.000000 0.000000 1.000000 1.000000 1.000000
mesh_scn_mp_testing_map_select 0 scn_mp_testing_map_select 0.000000 0.000000 0.000000 0.000000 0.000000 0.000000 1.000000 1.000000 1.000000
mesh_scn_mp_random_plain_select 0 scn_mp_random_plain_select 0.000000 0.000000 0.000000 0.000000 0.000000 0.000000 1.000000 1.000000 1.000000
mesh_scn_mp_random_steppe_select 0 scn_mp_random_steppe_select 0.000000 0.000000 0.000000 0.000000 0.000000 0.000000 1.000000 1.000000 1.000000
mesh_scn_mp_random_desert_select 0 scn_mp_random_desert_select 0.000000 0.000000 0.000000 0.000000 0.000000 0.000000 1.000000 1.000000 1.000000
mesh_scn_mp_random_snow_select 0 scn_mp_random_snow_select 0.000000 0.000000 0.000000 0.000000 0.000000 0.000000 1.000000 1.000000 1.000000
mesh_meshes_end 0 ui_kingdom_shield_neutral 0.000000 0.000000 0.000000 0.000000 0.000000 0.000000 1.000000 1.000000 1.000000
