15
tab_game_character_sheet 0 tableau_with_transparency 1024 1024 0 0 266 532 13 23 2 1224979098644774912 1 1985 1 4287137928 1987 3 10 11 15 2124 1 100 1989 5 0 40 40 0 100000 701 1 1 731 2 1 100 729 2 1 -20 730 2 1 -20 1980 5 8 1224979098644774912 1 0 0 731 2 1 200 1980 5 7 1224979098644774912 1 0 0 731 2 1 300 
tab_game_inventory_window 0 tableau_with_transparency 1024 1024 0 0 180 270 13 23 2 1224979098644774912 1 1985 1 4287137928 1987 3 10 11 15 2124 1 100 1989 5 0 40 40 0 100000 701 1 1 731 2 1 100 729 2 1 -20 730 2 1 -20 1980 5 10 1224979098644774912 1 0 0 731 2 1 200 1980 5 9 1224979098644774912 1 0 0 731 2 1 300 
tab_game_profile_window 0 tableau_with_transparency 1024 1024 0 0 320 480 21 23 2 1224979098644774912 1 2133 2 1224979098644774913 1224979098644774912 2109 2 1224979098644774913 2 4 0 31 2 1224979098644774913 0 2133 2 1224979098644774914 1 5 0 2133 2 1224979098644774914 2 3 0 1503 1 1224979098644774914 1985 1 4287137928 1987 3 10 11 15 2124 1 100 1989 5 0 40 40 0 100000 701 1 1 731 2 1 100 729 2 1 -20 730 2 1 -20 1980 5 12 1224979098644774914 1 0 0 731 2 1 200 1980 5 11 1224979098644774914 1 0 0 
tab_game_party_window 0 tableau_with_transparency 1024 1024 0 0 300 300 13 23 2 1224979098644774912 1 1985 1 4287137928 1987 3 10 11 15 2124 1 100 1989 5 0 40 40 0 100000 701 1 1 731 2 1 100 729 2 1 -20 730 2 1 -20 1980 5 14 1224979098644774912 1 0 0 731 2 1 200 1980 5 13 1224979098644774912 1 0 0 731 2 1 300 
tab_game_troop_label_banner 0 tableau_with_transparency 256 256 -128 0 128 256 9 23 2 1224979098644774912 1 33 3 1224979098644774912 0 286 1985 1 4287137928 2124 1 100 1989 5 0 150 150 0 100000 701 1 1 730 2 1 75 724 2 1 180 1992 4 1224979098644774912 1 120 0 
tab_troop_note_alpha_mask 0 mat_troop_portrait_mask 1024 1024 0 0 400 400 5 23 2 1224979098644774912 1 1985 1 8947848 1987 3 10 11 15 1984 0 1 2 149 1224979098644774912 
tab_troop_note_color 0 mat_troop_portrait_color 1024 1024 0 0 400 400 4 23 2 1224979098644774912 1 1985 1 4291214228 1987 3 10 11 15 1 2 149 1224979098644774912 
tab_troop_character_alpha_mask 0 mat_troop_portrait_mask 1024 1024 0 0 400 400 5 23 2 1224979098644774912 1 1985 1 8947848 1987 3 10 11 15 1984 0 1 2 150 1224979098644774912 
tab_troop_character_color 0 mat_troop_portrait_color 1024 1024 0 0 400 400 4 23 2 1224979098644774912 1 1985 1 4292923313 1987 3 10 11 15 1 2 150 1224979098644774912 
tab_troop_inventory_alpha_mask 0 mat_troop_portrait_mask 1024 1024 0 0 400 400 5 23 2 1224979098644774912 1 1985 1 8947848 1987 3 10 11 15 1984 0 1 2 151 1224979098644774912 
tab_troop_inventory_color 0 mat_troop_portrait_color 1024 1024 0 0 400 400 4 23 2 1224979098644774912 1 1985 1 4285159482 1987 3 10 11 15 1 2 151 1224979098644774912 
tab_troop_profile_alpha_mask 0 mat_troop_portrait_mask 1024 1024 0 0 400 400 5 23 2 1224979098644774912 1 1985 1 8947848 1987 3 10 11 15 1984 0 1 2 152 1224979098644774912 
tab_troop_profile_color 0 mat_troop_portrait_color 1024 1024 0 0 400 400 4 23 2 1224979098644774912 1 1985 1 4294567848 1987 3 10 11 15 1 2 152 1224979098644774912 
tab_troop_party_alpha_mask 0 mat_troop_portrait_mask 1024 1024 0 0 400 400 5 23 2 1224979098644774912 1 1985 1 8947848 1987 3 10 11 15 1984 0 1 2 153 1224979098644774912 
tab_troop_party_color 0 mat_troop_portrait_color 1024 1024 0 0 400 400 4 23 2 1224979098644774912 1 1985 1 4290681970 1987 3 10 11 15 1 2 153 1224979098644774912 
